        Deg.          Ve          P1          P2      dmr/dt      dm1/dt      dm2/dt         Cv1         Cv2       P1-P2
           0      17.866       1.025       1.058      -1.976       0.000       0.000       0.000       0.000      -0.033
           1      16.914       1.032       1.065      -1.949       0.074       0.000       0.003       0.000      -0.032
           3      15.982       1.040       1.071      -1.892       0.226       0.000       0.007       0.000      -0.032
           4      15.072       1.048       1.078      -1.803       0.423       0.000       0.012       0.000      -0.030
           5      14.184       1.058       1.086      -1.687       0.654       0.000       0.018       0.000      -0.028
           7      13.319       1.068       1.093      -1.546       0.913       0.000       0.025       0.000      -0.026
           8      12.476       1.078       1.101      -1.387       1.196       0.000       0.033       0.000      -0.023
          10      11.658       1.090       1.110      -1.211       1.499       0.000       0.041       0.000      -0.020
          11      10.863       1.102       1.119      -1.021       1.819       0.000       0.050       0.000      -0.017
          13      10.094       1.115       1.129      -0.821       2.154       0.000       0.059       0.000      -0.014
          14       9.349       1.129       1.139      -0.611       2.500       0.000       0.069       0.000      -0.010
          15       8.631       1.144       1.151      -0.393       2.857       0.000       0.079       0.000      -0.007
          17       7.938       1.160       1.163      -0.169       3.222       0.000       0.089       0.000      -0.003
          18       7.272       1.176       1.175       0.059       3.593       0.000       0.100       0.000       0.001
          20       6.633       1.194       1.189       0.292       3.968       0.000       0.111       0.000       0.005
          21       6.021       1.212       1.203       0.528       4.346       0.000       0.122       0.000       0.009
          23       5.437       1.231       1.218       0.767       4.725       0.000       0.133       0.000       0.013
          24       4.881       1.251       1.234       1.006       5.102       0.000       0.145       0.000       0.017
          26       4.354       1.272       1.251       1.246       5.476       0.000       0.157       0.000       0.021
          27       3.856       1.293       1.269       1.487       5.846       0.000       0.169       0.000       0.025
          28       3.387       1.316       1.287       1.726       6.209       0.000       0.181       0.000       0.029
          30       2.947       1.339       1.306       1.964       6.564       0.000       0.194       0.000       0.033
          31       2.537       1.363       1.326       2.201       6.909       0.000       0.206       0.000       0.037
          33       2.156       1.387       1.347       2.434       7.241       0.000       0.219       0.000       0.041
          34       1.806       1.413       1.368       2.665       7.560       0.000       0.232       0.000       0.044
          36       1.487       1.438       1.390       2.892       7.863       0.000       0.245       0.000       0.048
          37       1.198       1.465       1.413       3.114       8.148       0.000       0.258       0.000       0.052
          39       0.940       1.491       1.436       3.332       8.413       0.000       0.271       0.000       0.056
          40       0.713       1.518       1.459       3.544       8.658       0.000       0.284       0.000       0.059
          41       0.517       1.546       1.483       3.749       8.879       0.000       0.297       0.000       0.062
          43       0.353       1.573       1.508       3.948       9.076       0.000       0.310       0.000       0.066
          44       0.219       1.601       1.532       4.140       9.247       0.000       0.324       0.000       0.069
          46       0.117       1.629       1.557       4.323       9.389       0.000       0.337       0.000       0.072
          47       0.047       1.657       1.582       4.497       9.503       0.000       0.350       0.000       0.075
          49       0.008       1.684       1.606       4.662       9.586       0.000       0.363       0.000       0.078
          50       0.001       1.711       1.631       4.817       9.637       0.000       0.376       0.000       0.080
          51       0.026       1.738       1.655       4.962       9.656       0.000       0.389       0.000       0.083
          53       0.081       1.764       1.679       5.095       9.643       0.000       0.402       0.000       0.085
          54       0.169       1.790       1.703       5.216       9.596       0.000       0.415       0.000       0.087
          56       0.288       1.815       1.726       5.324       9.516       0.000       0.427       0.000       0.089
          57       0.438       1.839       1.749       5.421       9.403       0.000       0.440       0.000       0.090
          59       0.620       1.862       1.770       5.504       9.258       0.000       0.452       0.000       0.092
          60       0.833       1.884       1.791       5.573       9.082       0.000       0.465       0.000       0.093
          62       1.077       1.905       1.811       5.630       8.877       0.000       0.477       0.000       0.094
          63       1.351       1.925       1.831       5.674       8.645       0.000       0.488       0.000       0.095
          64       1.657       1.944       1.849       5.705       8.389       0.000       0.500       0.000       0.095
          66       1.993       1.961       1.866       5.724       8.111       0.000       0.511       0.000       0.095
          67       2.359       1.977       1.881       5.732       7.817       0.000       0.523       0.000       0.096
          69       2.756       1.991       1.896       5.730       7.510       0.000       0.533       0.000       0.096
          70       3.182       2.004       1.909       5.720       7.196       0.000       0.544       0.000       0.095
          72       3.638       2.016       1.921       5.703       6.879       0.000       0.554       0.000       0.095
          73       4.123       2.026       1.932       5.681       6.565       0.000       0.564       0.000       0.095
          74       4.637       2.035       1.941       5.656       6.261       0.000       0.573       0.000       0.094
          76       5.180       2.043       1.949       5.632       5.971       0.000       0.582       0.000       0.094
          77       5.751       2.050       1.956       5.611       5.702       0.000       0.591       0.000       0.094
          79       6.350       2.055       1.962       5.594       5.456       0.000       0.599       0.000       0.093
          80       6.977       2.060       1.967       5.585       5.238       0.000       0.606       0.000       0.093
          82       7.631       2.064       1.970       5.585       5.049       0.000       0.613       0.000       0.093
          83       8.311       2.067       1.973       5.595       4.891       0.000       0.619       0.000       0.093
          85       9.018       2.069       1.975       5.615       4.761       0.000       0.624       0.000       0.094
          86       9.751       2.071       1.976       5.647       4.658       0.000       0.627       0.000       0.094
          87      10.509       2.072       1.977       5.689       4.574       0.000       0.628       0.000       0.095
          89      11.292       2.072       1.977       5.737       4.498       0.000       0.625       0.000       0.096
          90      12.100       2.073       1.976       5.790       4.445       0.000       0.620       0.000       0.097
          92      12.931       2.073       1.975       5.851       4.413       0.000       0.615       0.000       0.098
          93      13.786       2.072       1.974       5.918       4.398       0.000       0.608       0.000       0.099
          95      14.664       2.072       1.972       5.992       4.395       0.000       0.601       0.000       0.100
          96      15.564       2.071       1.970       6.070       4.403       0.000       0.594       0.000       0.101
          98      16.486       2.070       1.967       6.151       4.419       0.000       0.585       0.000       0.103
          99      17.429       2.069       1.965       6.234       4.440       0.000       0.576       0.000       0.104
         100      18.393       2.067       1.962       6.317       4.464       0.000       0.567       0.000       0.105
         102      19.376       2.066       1.959       6.400       4.491       0.000       0.557       0.000       0.107
         103      20.379       2.064       1.956       6.482       4.519       0.000       0.547       0.000       0.108
         105      21.401       2.062       1.953       6.561       4.546       0.000       0.537       0.000       0.109
         106      22.441       2.060       1.949       6.637       4.572       0.000       0.526       0.000       0.111
         108      23.498       2.058       1.946       6.710       4.596       0.000       0.515       0.000       0.112
         109      24.572       2.055       1.942       6.778       4.617       0.000       0.504       0.000       0.113
         110      25.661       2.053       1.939       6.842       4.635       0.000       0.492       0.000       0.114
         112      26.767       2.050       1.935       6.900       4.649       0.000       0.480       0.000       0.115
         113      27.887       2.048       1.932       6.953       4.658       0.000       0.468       0.000       0.116
         115      29.021       2.045       1.928       7.000       4.663       0.000       0.456       0.000       0.117
         116      30.168       2.041       1.924       7.041       4.662       0.000       0.444       0.000       0.117
         118      31.327       2.038       1.920       7.075       4.656       0.000       0.431       0.000       0.118
         119      32.499       2.035       1.916       7.102       4.644       0.000       0.419       0.000       0.118
         121      33.682       2.031       1.912       7.123       4.626       0.000       0.406       0.000       0.119
         122      34.874       2.027       1.908       7.136       4.602       0.000       0.393       0.000       0.119
         123      36.077       2.023       1.904       7.141       4.571       0.000       0.380       0.000       0.119
         125      37.288       2.019       1.900       7.139       4.533       0.000       0.367       0.000       0.119
         126      38.507       2.014       1.896       7.129       4.489       0.000       0.354       0.000       0.119
         128      39.734       2.010       1.891       7.111       4.437       0.000       0.341       0.000       0.119
         129      40.967       2.005       1.887       7.084       4.379       0.000       0.328       0.000       0.118
         131      42.205       2.000       1.882       7.050       4.313       0.000       0.315       0.000       0.117
         132      43.449       1.994       1.878       7.007       4.240       0.000       0.302       0.000       0.117
         134      44.697       1.989       1.873       6.955       4.159       0.000       0.288       0.000       0.116
         135      45.948       1.983       1.868       6.895       4.071       0.000       0.275       0.000       0.115
         136      47.201       1.977       1.863       6.826       3.975       0.000       0.262       0.000       0.114
         138      48.457       1.971       1.858       6.748       3.872       0.000       0.249       0.000       0.112
         139      49.713       1.964       1.853       6.662       3.762       0.000       0.236       0.000       0.111
         141      50.970       1.957       1.848       6.567       3.644       0.000       0.223       0.000       0.109
         142      52.226       1.950       1.843       6.463       3.519       0.000       0.211       0.000       0.108
         144      53.480       1.943       1.837       6.350       3.388       0.000       0.198       0.000       0.106
         145      54.733       1.935       1.831       6.229       3.249       0.000       0.185       0.000       0.104
         146      55.982       1.927       1.826       6.099       3.103       0.000       0.173       0.000       0.102
         148      57.228       1.919       1.820       5.962       2.952       0.000       0.161       0.000       0.099
         149      58.469       1.911       1.814       5.816       2.794       0.000       0.149       0.000       0.097
         151      59.704       1.902       1.808       5.662       2.631       0.000       0.137       0.000       0.094
         152      60.934       1.893       1.801       5.501       2.463       0.000       0.126       0.000       0.092
         154      62.157       1.884       1.795       5.333       2.291       0.000       0.114       0.000       0.089
         155      63.372       1.874       1.788       5.159       2.115       0.000       0.103       0.000       0.086
         157      64.578       1.865       1.782       4.978       1.935       0.000       0.092       0.000       0.083
         158      65.775       1.855       1.775       4.793       1.754       0.000       0.082       0.000       0.080
         159      66.963       1.844       1.768       4.602       1.571       0.000       0.072       0.000       0.077
         161      68.139       1.834       1.761       4.407       1.387       0.000       0.062       0.000       0.073
         162      69.304       1.823       1.753       4.210       1.205       0.000       0.053       0.000       0.070
         164      70.457       1.813       1.746       4.010       1.025       0.000       0.044       0.000       0.067
         165      71.598       1.802       1.738       3.810       0.849       0.000       0.036       0.000       0.063
         167      72.724       1.791       1.731       3.610       0.679       0.000       0.028       0.000       0.060
         168      73.836       1.780       1.723       3.412       0.517       0.000       0.021       0.000       0.057
         169      74.933       1.769       1.715       3.219       0.367       0.000       0.014       0.000       0.054
         171      76.014       1.758       1.707       3.032       0.231       0.000       0.008       0.000       0.051
         172      77.079       1.747       1.699       2.856       0.115       0.000       0.004       0.000       0.048
         174      78.127       1.736       1.692       2.693       0.028       0.000       0.001       0.000       0.045
         175      79.157       1.726       1.684       2.555       0.000       0.000       0.000       0.000       0.043
         177      80.168       1.717       1.676       2.449       0.000       0.000       0.000       0.000       0.041
         178      81.161       1.708       1.668       2.362       0.000       0.000       0.000       0.000       0.039
         180      82.134       1.699       1.661       2.285       0.000       0.000       0.000       0.000       0.038
         181      83.086       1.690       1.654       2.200       0.000       0.062       0.000       0.003       0.037
         182      84.018       1.681       1.647       2.082       0.000       0.189       0.000       0.007       0.035
         184      84.928       1.672       1.640       1.929       0.000       0.353       0.000       0.012       0.032
         185      85.816       1.662       1.633       1.745       0.000       0.543       0.000       0.018       0.029
         187      86.681       1.651       1.626       1.536       0.000       0.756       0.000       0.025       0.026
         188      87.524       1.641       1.619       1.305       0.000       0.985       0.000       0.033       0.022
         190      88.342       1.629       1.612       1.056       0.000       1.229       0.000       0.041       0.018
         191      89.137       1.618       1.604       0.793       0.000       1.484       0.000       0.050       0.013
         193      89.906       1.606       1.597       0.517       0.000       1.749       0.000       0.059       0.009
         194      90.651       1.593       1.589       0.232       0.000       2.021       0.000       0.069       0.004
         195      91.369       1.581       1.582      -0.062       0.000       2.299       0.000       0.079      -0.001
         197      92.062       1.568       1.574      -0.362       0.000       2.581       0.000       0.089      -0.006
         198      92.728       1.554       1.566      -0.666       0.000       2.866       0.000       0.100      -0.011
         200      93.367       1.541       1.557      -0.974       0.000       3.153       0.000       0.111      -0.016
         201      93.979       1.527       1.549      -1.284       0.000       3.439       0.000       0.122      -0.021
         203      94.563       1.513       1.540      -1.595       0.000       3.725       0.000       0.133      -0.027
         204      95.119       1.499       1.531      -1.906       0.000       4.009       0.000       0.145      -0.032
         205      95.646       1.485       1.522      -2.215       0.000       4.290       0.000       0.157      -0.037
         207      96.144       1.470       1.512      -2.523       0.000       4.568       0.000       0.169      -0.042
         208      96.613       1.455       1.503      -2.827       0.000       4.841       0.000       0.181      -0.047
         210      97.053       1.441       1.493      -3.128       0.000       5.109       0.000       0.194      -0.052
         211      97.463       1.426       1.483      -3.423       0.000       5.370       0.000       0.206      -0.057
         213      97.844       1.411       1.473      -3.714       0.000       5.626       0.000       0.219      -0.062
         214      98.193       1.396       1.462      -3.998       0.000       5.874       0.000       0.232      -0.067
         216      98.513       1.381       1.452      -4.276       0.000       6.114       0.000       0.245      -0.071
         217      98.802       1.365       1.441      -4.546       0.000       6.346       0.000       0.258      -0.076
         218      99.060       1.350       1.430      -4.809       0.000       6.570       0.000       0.271      -0.080
         220      99.287       1.335       1.419      -5.064       0.000       6.785       0.000       0.284      -0.084
         221      99.483       1.320       1.408      -5.309       0.000       6.990       0.000       0.297      -0.088
         223      99.647       1.305       1.397      -5.546       0.000       7.185       0.000       0.310      -0.092
         224      99.781       1.290       1.386      -5.774       0.000       7.371       0.000       0.324      -0.096
         226      99.883       1.275       1.375      -5.991       0.000       7.546       0.000       0.337      -0.100
         227      99.953       1.260       1.363      -6.199       0.000       7.712       0.000       0.350      -0.103
         229      99.992       1.245       1.352      -6.396       0.000       7.866       0.000       0.363      -0.107
         230      99.999       1.230       1.340      -6.584       0.000       8.010       0.000       0.376      -0.110
         231      99.974       1.216       1.328      -6.760       0.000       8.143       0.000       0.389      -0.113
         233      99.919       1.201       1.317      -6.926       0.000       8.266       0.000       0.402      -0.115
         234      99.831       1.187       1.305      -7.081       0.000       8.377       0.000       0.415      -0.118
         236      99.712       1.173       1.293      -7.226       0.000       8.478       0.000       0.427      -0.120
         237      99.562       1.159       1.282      -7.360       0.000       8.567       0.000       0.440      -0.123
         239      99.380       1.145       1.270      -7.482       0.000       8.646       0.000       0.452      -0.125
         240      99.167       1.132       1.259      -7.594       0.000       8.714       0.000       0.465      -0.127
         241      98.923       1.119       1.247      -7.695       0.000       8.771       0.000       0.477      -0.128
         243      98.649       1.106       1.235      -7.786       0.000       8.818       0.000       0.488      -0.130
         244      98.343       1.093       1.224      -7.866       0.000       8.854       0.000       0.500      -0.131
         246      98.007       1.080       1.212      -7.935       0.000       8.880       0.000       0.511      -0.132
         247      97.641       1.068       1.201      -7.994       0.000       8.895       0.000       0.523      -0.133
         249      97.244       1.056       1.190      -8.043       0.000       8.900       0.000       0.533      -0.134
         250      96.818       1.044       1.179      -8.082       0.000       8.895       0.000       0.544      -0.135
         252      96.362       1.032       1.167      -8.111       0.000       8.881       0.000       0.554      -0.135
         253      95.877       1.021       1.156      -8.130       0.000       8.856       0.000       0.564      -0.135
         254      95.363       1.010       1.146      -8.139       0.000       8.822       0.000       0.573      -0.136
         256      94.820       0.999       1.135      -8.139       0.000       8.778       0.000       0.582      -0.136
         257      94.249       0.989       1.124      -8.130       0.000       8.725       0.000       0.591      -0.135
         259      93.650       0.979       1.114      -8.111       0.000       8.662       0.000       0.599      -0.135
         260      93.023       0.969       1.104      -8.084       0.000       8.590       0.000       0.606      -0.135
         262      92.369       0.960       1.094      -8.047       0.000       8.509       0.000       0.613      -0.134
         263      91.689       0.950       1.084      -8.001       0.000       8.417       0.000       0.619      -0.133
         264      90.982       0.942       1.074      -7.946       0.000       8.315       0.000       0.624      -0.132
         266      90.249       0.933       1.065      -7.881       0.000       8.199       0.000       0.627      -0.131
         267      89.491       0.925       1.055      -7.804       0.000       8.060       0.000       0.628      -0.130
         269      88.708       0.918       1.046      -7.703       0.000       7.878       0.000       0.625      -0.128
         270      87.900       0.911       1.038      -7.582       0.000       7.688       0.000       0.620      -0.126
         272      87.069       0.905       1.029      -7.450       0.000       7.496       0.000       0.615      -0.124
         273      86.214       0.900       1.021      -7.311       0.000       7.303       0.000       0.608      -0.122
         275      85.336       0.894       1.014      -7.169       0.000       7.110       0.000       0.601      -0.119
         276      84.436       0.889       1.006      -7.026       0.000       6.920       0.000       0.594      -0.117
         277      83.514       0.885       0.999      -6.883       0.000       6.731       0.000       0.585      -0.115
         279      82.571       0.880       0.993      -6.741       0.000       6.545       0.000       0.576      -0.112
         280      81.607       0.876       0.986      -6.601       0.000       6.361       0.000       0.567      -0.110
         282      80.624       0.873       0.980      -6.463       0.000       6.181       0.000       0.557      -0.108
         283      79.621       0.869       0.975      -6.327       0.000       6.005       0.000       0.547      -0.105
         285      78.599       0.866       0.970      -6.194       0.000       5.832       0.000       0.537      -0.103
         286      77.559       0.863       0.965      -6.064       0.000       5.663       0.000       0.526      -0.101
         288      76.502       0.861       0.960      -5.937       0.000       5.497       0.000       0.515      -0.099
         289      75.428       0.859       0.956      -5.813       0.000       5.335       0.000       0.504      -0.097
         290      74.339       0.857       0.951      -5.693       0.000       5.177       0.000       0.492      -0.095
         292      73.233       0.855       0.948      -5.575       0.000       5.023       0.000       0.480      -0.093
         293      72.113       0.853       0.944      -5.460       0.000       4.872       0.000       0.468      -0.091
         295      70.979       0.852       0.941      -5.349       0.000       4.724       0.000       0.456      -0.089
         296      69.832       0.851       0.938      -5.240       0.000       4.580       0.000       0.444      -0.087
         298      68.673       0.850       0.936      -5.135       0.000       4.438       0.000       0.431      -0.086
         299      67.501       0.850       0.933      -5.032       0.000       4.300       0.000       0.419      -0.084
         300      66.319       0.849       0.931      -4.931       0.000       4.165       0.000       0.406      -0.082
         302      65.126       0.849       0.930      -4.834       0.000       4.032       0.000       0.393      -0.081
         303      63.923       0.849       0.928      -4.738       0.000       3.901       0.000       0.380      -0.079
         305      62.712       0.849       0.927      -4.645       0.000       3.773       0.000       0.367      -0.077
         306      61.493       0.850       0.926      -4.554       0.000       3.647       0.000       0.354      -0.076
         308      60.266       0.851       0.925      -4.465       0.000       3.523       0.000       0.341      -0.074
         309      59.033       0.852       0.925      -4.377       0.000       3.400       0.000       0.328      -0.073
         311      57.795       0.853       0.924      -4.292       0.000       3.279       0.000       0.315      -0.072
         312      56.551       0.854       0.924      -4.207       0.000       3.159       0.000       0.302      -0.070
         313      55.303       0.856       0.925      -4.124       0.000       3.040       0.000       0.288      -0.069
         315      54.052       0.858       0.925      -4.043       0.000       2.922       0.000       0.275      -0.067
         316      52.799       0.860       0.926      -3.962       0.000       2.805       0.000       0.262      -0.066
         318      51.543       0.862       0.927      -3.882       0.000       2.688       0.000       0.249      -0.065
         319      50.287       0.865       0.928      -3.803       0.000       2.571       0.000       0.236      -0.063
         321      49.030       0.868       0.930      -3.725       0.000       2.455       0.000       0.223      -0.062
         322      47.774       0.871       0.931      -3.647       0.000       2.339       0.000       0.211      -0.061
         324      46.520       0.874       0.933      -3.570       0.000       2.223       0.000       0.198      -0.059
         325      45.267       0.877       0.936      -3.493       0.000       2.107       0.000       0.185      -0.058
         326      44.018       0.881       0.938      -3.416       0.000       1.991       0.000       0.173      -0.057
         328      42.772       0.885       0.941      -3.340       0.000       1.875       0.000       0.161      -0.056
         329      41.531       0.889       0.944      -3.264       0.000       1.759       0.000       0.149      -0.054
         331      40.296       0.894       0.947      -3.188       0.000       1.642       0.000       0.137      -0.053
         332      39.066       0.898       0.950      -3.112       0.000       1.526       0.000       0.126      -0.052
         334      37.843       0.903       0.954      -3.036       0.000       1.409       0.000       0.114      -0.051
         335      36.629       0.908       0.958      -2.961       0.000       1.293       0.000       0.103      -0.049
         336      35.422       0.914       0.962      -2.886       0.000       1.177       0.000       0.092      -0.048
         338      34.225       0.919       0.966      -2.811       0.000       1.061       0.000       0.082      -0.047
         339      33.037       0.925       0.971      -2.736       0.000       0.947       0.000       0.072      -0.046
         341      31.861       0.931       0.976      -2.662       0.000       0.834       0.000       0.062      -0.044
         342      30.696       0.938       0.981      -2.589       0.000       0.722       0.000       0.053      -0.043
         344      29.543       0.944       0.986      -2.517       0.000       0.613       0.000       0.044      -0.042
         345      28.402       0.951       0.992      -2.446       0.000       0.507       0.000       0.036      -0.041
         347      27.276       0.958       0.998      -2.377       0.000       0.405       0.000       0.028      -0.040
         348      26.164       0.965       1.004      -2.310       0.000       0.309       0.000       0.021      -0.038
         349      25.067       0.973       1.010      -2.246       0.000       0.219       0.000       0.014      -0.037
         351      23.986       0.980       1.017      -2.185       0.000       0.138       0.000       0.008      -0.036
         352      22.921       0.988       1.023      -2.128       0.000       0.069       0.000       0.004      -0.035
         354      21.873       0.995       1.030      -2.078       0.000       0.017       0.000       0.001      -0.035
         355      20.843       1.003       1.037      -2.038       0.000       0.000       0.000       0.000      -0.034
         357      19.832       1.010       1.044      -2.012       0.000       0.000       0.000       0.000      -0.034
         358      18.839       1.018       1.051      -1.992       0.000       0.000       0.000       0.000      -0.033
         360      17.866       1.025       1.058      -1.976       0.000       0.000       0.000       0.000      -0.033
